Gentree_01 1336.000000 35.552177 184.000000 -115.759766
Gentree_01 1888.000000 34.726177 208.000000 -143.562500
Gentree_01 1280.000000 31.836363 320.000000 103.070312
Gentree_01 704.000000 22.772564 536.000000 -64.634766
Gentree_01 1000.000000 37.819118 696.000000 131.187500
Gentree_01 1160.000000 27.187428 752.000000 -138.443359
Gentree_01 1144.000000 34.194550 712.000000 149.496094
Gentree_01 1440.000000 24.156374 736.000000 72.429688
Gentree_01 1296.000000 21.696621 688.000000 -21.191406
Gentree_01 2656.000000 36.352787 592.000000 72.234375
Gentree_01 2952.000000 37.772305 728.000000 4.398438
Gentree_01 1256.000000 44.327152 864.000000 39.058594
Gentree_01 224.000000 30.354160 1256.000000 44.210938
Gentree_01 1016.000000 30.277988 1064.000000 -152.277344
Gentree_01 1648.000000 33.704983 1040.000000 84.214844
Gentree_01 1928.000000 37.685818 1184.000000 156.039062
Gentree_01 2976.000000 35.140369 1256.000000 119.398438
Gentree_01 3008.000000 27.323111 1152.000000 -177.636719
Gentree_01 416.000000 32.906754 1344.000000 -159.681641
Gentree_01 560.000000 35.204639 1408.000000 47.765625
Gentree_01 856.000000 29.480553 1472.000000 5.992188
Gentree_01 720.000000 34.775372 1744.000000 -26.376953
Gentree_01 2688.000000 30.257183 1608.000000 162.117188
Gentree_01 592.000000 31.457085 1944.000000 -60.791016
Gentree_01 3216.000000 33.528038 1968.000000 140.937500
Gentree_01 944.000000 24.449959 2224.000000 -29.789062
Gentree_01 2200.000000 40.502632 2256.000000 -85.228516
Gentree_01 3864.000000 15.030685 2288.000000 -134.218750
Gentree_01 3992.000000 15.030685 2064.000000 -99.636719
Gentree_01 344.000000 33.576439 2488.000000 -45.083984
Gentree_01 3264.000000 42.339512 2480.000000 103.753906
Gentree_01 3336.000000 36.993912 2776.000000 -161.255859
Gentree_01 2856.000000 28.967178 3016.000000 144.269531
Gentree_01 3144.000000 28.976700 2816.000000 -41.218750
Gentree_01 3728.000000 35.747372 3040.000000 51.175781
Gentree_01 456.000000 34.491890 3216.000000 134.027344
Gentree_01 880.000000 37.447777 3320.000000 -161.052734
Gentree_01 832.000000 39.496513 3280.000000 -168.820312
Gentree_01 2864.000000 23.145494 3264.000000 -84.220703
Gentree_01 2608.000000 30.493019 3496.000000 46.683594
Gentree_01 3192.000000 19.200367 3504.000000 6.640625
Gentree_01 2496.000000 26.132908 3704.000000 -121.556641
Gentree_01 2640.000000 28.587900 3680.000000 112.941406
Gentree_01 792.000000 46.203705 3840.000000 36.453125
Gentree_02 3648.000000 15.030685 1456.000000 -61.748047
Gentree_02 1304.000000 26.140842 1704.000000 -118.613281
Gentree_02 1432.000000 23.908018 1792.000000 0.666016
Gentree_02 1480.000000 36.589241 1792.000000 -110.203125
Gentree_02 3712.000000 15.030685 1816.000000 64.574219
Gentree_02 3680.000000 15.030685 1960.000000 -41.357422
Gentree_02 1040.000000 30.599344 2392.000000 -94.470703
Gentree_02 1088.000000 24.173037 2488.000000 -124.183594
Gentree_02 1216.000000 24.317448 2472.000000 62.125000
Gentree_02 1152.000000 25.363241 2376.000000 -23.806641
Gentree_02 3792.000000 15.030685 2456.000000 -32.033203
Gentree_02 1112.000000 29.928068 2752.000000 -5.845703
Gentree_02 1104.000000 21.832304 2816.000000 -142.626953
Gentree_03 3952.000000 15.030685 1864.000000 167.656250
Gentree_03 3632.000000 15.030685 2048.000000 162.417969
Gentree_03 3864.000000 15.030685 2280.000000 -13.009766
Gentree_04 3432.000000 15.030685 1272.000000 -158.138672
Gentree_04 3568.000000 15.030685 1824.000000 175.753906
Gentree_04 3968.000000 15.030685 1848.000000 -77.810547
Gentree_04 3440.000000 15.030685 2472.000000 112.046875
Gentree_04 3864.000000 15.030685 2384.000000 1.171875
Gentree_04 3792.000000 15.030685 2720.000000 -22.183594
S44bushes_01a 1256.000000 44.327152 864.000000 142.964844
S44bushes_01a 1288.000000 24.777660 904.000000 -143.833984
S44bushes_01a 1520.000000 29.684473 976.000000 -120.960938
S44bushes_01a 1448.000000 27.468313 944.000000 0.296875
S44bushes_01a 960.000000 26.236851 1192.000000 -178.636719
S44bushes_01a 1112.000000 26.790691 1144.000000 60.984375
S44bushes_01a 1080.000000 21.933075 1248.000000 -77.820312
S44bushes_01a 1728.000000 34.244541 1072.000000 68.386719
S44bushes_01a 1656.000000 23.414482 1072.000000 -53.494141
S44bushes_01a 1752.000000 23.984985 1120.000000 145.222656
S44bushes_01a 1864.000000 21.614100 1184.000000 76.582031
S44bushes_01a 1984.000000 39.411613 1208.000000 5.437500
S44bushes_01a 936.000000 31.733212 1296.000000 79.480469
S44bushes_01a 1096.000000 20.272343 1320.000000 144.148438
S44bushes_01a 2088.000000 26.845440 1288.000000 163.562500
S44bushes_01a 2176.000000 24.741955 1352.000000 162.207031
S44bushes_01a 2224.000000 29.002884 1368.000000 173.253906
S44bushes_01a 2432.000000 34.710308 1480.000000 157.515625
S44bushes_01a 2360.000000 32.820267 1424.000000 -130.544922
S44bushes_01a 2480.000000 24.813366 1536.000000 -155.056641
S44bushes_01a 2680.000000 30.998245 1632.000000 11.523438
S44bushes_01a 2648.000000 25.530249 1632.000000 -101.031250
S44bushes_01a 2792.000000 27.681757 1712.000000 18.656250
S44bushes_01a 2848.000000 29.207401 1728.000000 -151.767578
S44bushes_01a 3256.000000 27.863462 1568.000000 114.195312
S44bushes_01a 3304.000000 19.470940 1736.000000 94.992188
S44bushes_01a 3352.000000 33.347919 1752.000000 173.531250
S44bushes_01a 3296.000000 15.588494 1944.000000 37.652344
S44bushes_01a 3304.000000 35.993347 1800.000000 115.273438
S44bushes_01a 3208.000000 34.518288 1992.000000 -99.666016
S44bushes_01a 3344.000000 6.397742 2008.000000 -17.031250
S44bushes_01a 3056.000000 37.221638 2224.000000 -124.355469
S44bushes_01a 3136.000000 26.427282 2144.000000 -3.234375
S44bushes_01a 3088.000000 29.208393 2216.000000 -131.234375
S44bushes_01a 3136.000000 29.525780 2056.000000 -145.314453
S44bushes_01a 3080.000000 25.153767 2136.000000 -84.656250
S44bushes_01a 3296.000000 7.980712 2104.000000 -104.023438
S44bushes_01a 3296.000000 11.589410 2056.000000 60.746094
S44bushes_01a 3104.000000 28.043579 2408.000000 123.378906
S44bushes_01a 3200.000000 29.727320 2416.000000 26.089844
S44bushes_01a 3288.000000 37.502525 2496.000000 -171.546875
S44bushes_01a 3088.000000 22.678141 2336.000000 39.828125
S44bushes_01a 3168.000000 15.940795 2352.000000 -74.548828
S44bushes_01a 3264.000000 28.741037 2448.000000 32.648438
S44bushes_01a 2760.000000 29.935209 2592.000000 -156.722656
S44bushes_01a 2680.000000 28.111023 2560.000000 -179.029297
S44bushes_01a 2936.000000 29.208393 2688.000000 128.957031
S44bushes_01a 2832.000000 29.460716 2632.000000 -9.679688
S44bushes_01a 2976.000000 29.432945 2744.000000 -174.582031
S44bushes_01a 2952.000000 23.901670 2776.000000 6.753906
S44bushes_01a 3296.000000 30.984179 2568.000000 90.937500
S44bushes_01a 3232.000000 41.297688 2688.000000 106.304688
S44bushes_01a 3280.000000 34.069977 2592.000000 98.574219
S44bushes_01a 3240.000000 37.482689 2656.000000 39.156250
S44bushes_01a 3144.000000 34.618263 2672.000000 30.507812
S44bushes_01a 3080.000000 24.268253 2664.000000 29.683594
S44bushes_01a 1120.000000 28.287174 3032.000000 94.175781
S44bushes_01a 1168.000000 19.944639 2952.000000 9.230469
S44bushes_01a 1176.000000 22.970139 2912.000000 109.671875
S44bushes_01a 2712.000000 13.968231 3008.000000 -51.865234
S44bushes_01a 2696.000000 6.375525 2920.000000 -66.138672
S44bushes_01a 2920.000000 27.229481 2904.000000 -134.337891
S44bushes_01a 2880.000000 29.646387 2976.000000 -19.728516
S44bushes_01a 2856.000000 29.591639 3024.000000 -120.968750
S44bushes_01a 2832.000000 29.167133 3064.000000 35.171875
S44bushes_01a 3032.000000 25.959137 2936.000000 33.980469
S44bushes_01a 2920.000000 27.229481 2904.000000 -130.917969
S44bushes_01a 2912.000000 19.401907 2832.000000 138.820312
S44bushes_01a 3096.000000 23.166124 2880.000000 -171.525391
S44bushes_01a 856.000000 23.466057 3464.000000 -162.740234
S44bushes_01a 952.000000 30.519997 3536.000000 161.996094
S44bushes_01a 3056.000000 30.715189 3432.000000 96.847656
S44bushes_01a 2960.000000 30.779463 3408.000000 11.425781
S44bushes_01a 2888.000000 29.171894 3376.000000 138.656250
S44bushes_01a 96.000000 29.955046 3696.000000 -154.148438
S44bushes_01a 80.000000 33.255085 3704.000000 94.066406
S44bushes_01a 224.000000 24.580088 3752.000000 69.320312
S44bushes_01a 280.000000 30.146271 3752.000000 25.839844
S44bushes_01a 328.000000 28.167362 3768.000000 -122.121094
S44bushes_01a 808.000000 22.075897 3696.000000 -52.972656
S44bushes_01a 944.000000 23.257374 3632.000000 16.835938
S44bushes_01a 944.000000 23.257374 3632.000000 -24.511719
S44bushes_01a 2472.000000 20.757153 3760.000000 139.136719
S44bushes_01a 768.000000 18.644146 3888.000000 60.996094
S44bushes_01a 2504.000000 23.950867 3912.000000 -145.089844
S44bushes_01a 2328.000000 26.796246 3944.000000 -93.343750
S44bushes_01a 2416.000000 26.295567 4032.000000 -158.626953
S44bushes_01b 1504.000000 26.958908 96.000000 -39.058594
S44bushes_01b 1520.000000 37.398582 72.000000 -146.101562
S44bushes_01b 1456.000000 22.553566 224.000000 -71.222656
S44bushes_01b 1328.000000 21.003922 120.000000 -24.451172
S44bushes_01b 1368.000000 26.677225 24.000000 -148.585938
S44bushes_01b 1576.000000 41.111221 64.000000 34.187500
S44bushes_01b 1680.000000 30.859602 96.000000 -34.011719
S44bushes_01b 1856.000000 34.958664 176.000000 128.765625
S44bushes_01b 1968.000000 27.238209 216.000000 52.476562
S44bushes_01b 80.000000 45.703030 280.000000 -52.058594
S44bushes_01b 144.000000 41.153278 312.000000 -154.117188
S44bushes_01b 328.000000 34.716656 400.000000 -157.781250
S44bushes_01b 456.000000 34.139008 448.000000 140.531250
S44bushes_01b 1224.000000 33.896210 448.000000 -105.699219
S44bushes_01b 1304.000000 33.717678 256.000000 -65.117188
S44bushes_01b 1392.000000 29.740808 296.000000 -123.589844
S44bushes_01b 1360.000000 23.689020 472.000000 -96.865234
S44bushes_01b 2288.000000 40.535957 400.000000 -170.910156
S44bushes_01b 2240.000000 41.973724 384.000000 61.894531
S44bushes_01b 2064.000000 34.475441 288.000000 -98.730469
S44bushes_01b 2408.000000 35.864807 472.000000 77.808594
S44bushes_01b 584.000000 34.013641 520.000000 92.679688
S44bushes_01b 696.000000 30.117706 584.000000 -0.494141
S44bushes_01b 816.000000 32.609203 624.000000 142.222656
S44bushes_01b 928.000000 36.442448 664.000000 -149.208984
S44bushes_01b 1000.000000 36.547981 704.000000 -89.644531
S44bushes_01b 1032.000000 33.118607 696.000000 19.921875
S44bushes_01b 2536.000000 38.000824 528.000000 -118.775391
S44bushes_01b 2776.000000 33.550255 656.000000 100.269531
S44bushes_01b 2640.000000 35.583916 576.000000 -126.306641
S44bushes_01b 3032.000000 35.741024 760.000000 -2.044922
S44bushes_01b 2880.000000 36.614632 696.000000 -55.880859
S44bushes_01b 1128.000000 27.661127 824.000000 -138.763672
S44bushes_01b 1056.000000 31.334095 1016.000000 129.308594
S44bushes_01b 1096.000000 26.511393 952.000000 24.105469
S44bushes_01b 1320.000000 23.225636 912.000000 107.335938
S44bushes_01b 3128.000000 34.752361 944.000000 59.625000
S44bushes_01b 128.000000 36.751110 1232.000000 42.527344
S44bushes_01b 88.000000 35.008652 1224.000000 159.683594
S44bushes_01b 160.000000 36.570198 1240.000000 -96.500000
S44bushes_01b 3064.000000 32.868668 1112.000000 72.996094
S44bushes_01b 2992.000000 33.608971 1256.000000 -97.958984
S44bushes_01b 3224.000000 34.305637 1040.000000 -75.898438
S44bushes_01b 400.000000 23.029648 1320.000000 -32.468750
S44bushes_01b 384.000000 33.942230 1352.000000 -68.146484
S44bushes_01b 632.000000 36.194889 1448.000000 112.292969
S44bushes_01b 528.000000 34.212799 1392.000000 164.078125
S44bushes_01b 728.000000 31.692745 1512.000000 -2.253906
S44bushes_01b 816.000000 35.026901 1528.000000 -116.162109
S44bushes_01b 1016.000000 23.260548 1416.000000 86.917969
S44bushes_01b 1064.000000 23.696955 1480.000000 100.277344
S44bushes_01b 1200.000000 26.387609 1488.000000 140.003906
S44bushes_01b 1152.000000 20.296940 1440.000000 115.125000
S44bushes_01b 2984.000000 30.302586 1360.000000 -58.144531
S44bushes_01b 2992.000000 37.900055 1424.000000 -154.644531
S44bushes_01b 3152.000000 31.159533 1520.000000 30.871094
S44bushes_01b 752.000000 31.325367 1696.000000 -72.947266
S44bushes_01b 760.000000 19.773251 1744.000000 -56.550781
S44bushes_01b 1104.000000 23.278797 1576.000000 -3.605469
S44bushes_01b 1128.000000 28.669626 1608.000000 106.828125
S44bushes_01b 1144.000000 28.417305 1672.000000 97.546875
S44bushes_01b 1376.000000 33.383625 1720.000000 -163.349609
S44bushes_01b 2880.000000 24.488855 1736.000000 64.664062
S44bushes_01b 3288.000000 37.916718 1616.000000 -26.943359
S44bushes_01b 3320.000000 35.244312 1768.000000 180.000000
S44bushes_01b 3352.000000 33.209854 1688.000000 -132.164062
S44bushes_01b 672.000000 23.756466 1896.000000 -117.216797
S44bushes_01b 624.000000 20.419928 2000.000000 8.472656
S44bushes_01b 1112.000000 29.984406 1800.000000 -84.775391
S44bushes_01b 1152.000000 30.962751 1944.000000 65.027344
S44bushes_01b 1120.000000 29.966156 1992.000000 45.285156
S44bushes_01b 1216.000000 22.881269 1848.000000 114.433594
S44bushes_01b 1136.000000 14.856915 1792.000000 81.156250
S44bushes_01b 1072.000000 14.856915 1912.000000 -63.751953
S44bushes_01b 1544.000000 35.726742 1840.000000 -93.824219
S44bushes_01b 1632.000000 34.646832 1896.000000 94.347656
S44bushes_01b 1696.000000 32.051392 1960.000000 -96.021484
S44bushes_01b 1736.000000 32.573494 1960.000000 -87.320312
S44bushes_01b 480.000000 29.244892 2256.000000 -25.851562
S44bushes_01b 480.000000 34.579384 2216.000000 117.308594
S44bushes_01b 520.000000 33.607384 2120.000000 132.769531
S44bushes_01b 536.000000 27.507986 2152.000000 62.929688
S44bushes_01b 544.000000 34.352451 2104.000000 -23.380859
S44bushes_01b 1880.000000 31.553886 2056.000000 177.792969
S44bushes_01b 1968.000000 29.232197 2136.000000 -12.976562
S44bushes_01b 2040.000000 31.588802 2176.000000 119.753906
S44bushes_01b 2032.000000 35.383167 2160.000000 60.355469
S44bushes_01b 2152.000000 24.607065 2248.000000 33.679688
S44bushes_01b 2224.000000 39.227528 2280.000000 25.218750
S44bushes_01b 2128.000000 24.887953 2232.000000 -42.537109
S44bushes_01b 3776.000000 15.030685 2256.000000 180.000000
S44bushes_01b 376.000000 35.116566 2424.000000 -113.720703
S44bushes_01b 2288.000000 36.200443 2312.000000 84.511719
S44bushes_01b 2176.000000 9.448816 2304.000000 119.898438
S44bushes_01b 2192.000000 12.305195 2320.000000 168.703125
S44bushes_01b 2328.000000 29.590052 2312.000000 -29.898438
S44bushes_01b 2376.000000 26.946213 2384.000000 136.628906
S44bushes_01b 2472.000000 39.498100 2416.000000 -31.189453
S44bushes_01b 2520.000000 33.224934 2440.000000 106.296875
S44bushes_01b 2568.000000 37.092304 2480.000000 -91.517578
S44bushes_01b 2640.000000 31.917295 2536.000000 -115.861328
S44bushes_01b 3256.000000 25.019669 2544.000000 86.558594
S44bushes_01b 224.000000 33.203506 2704.000000 72.824219
S44bushes_01b 1112.000000 29.641626 2728.000000 -174.925781
S44bushes_01b 1136.000000 20.717480 2624.000000 32.277344
S44bushes_01b 2688.000000 20.914259 2584.000000 140.070312
S44bushes_01b 2896.000000 25.092669 2688.000000 68.601562
S44bushes_01b 2968.000000 31.103991 2712.000000 -141.939453
S44bushes_01b 2976.000000 29.432945 2744.000000 3.164062
S44bushes_01b 3168.000000 42.387917 2688.000000 175.246094
S44bushes_01b 3224.000000 38.144444 2648.000000 -114.720703
S44bushes_01b 3264.000000 34.885666 2592.000000 64.128906
S44bushes_01b 3608.000000 15.030685 2672.000000 180.000000
S44bushes_01b 144.000000 34.654171 2816.000000 135.925781
S44bushes_01b 88.000000 37.911949 2952.000000 116.054688
S44bushes_01b 1056.000000 16.193911 2960.000000 -67.138672
S44bushes_01b 3136.000000 29.617029 2840.000000 47.597656
S44bushes_01b 3184.000000 15.978881 2872.000000 78.257812
S44bushes_01b 3264.000000 24.442818 2864.000000 -98.371094
S44bushes_01b 3352.000000 26.453466 2928.000000 33.570312
S44bushes_01b 3352.000000 20.907911 2944.000000 -79.822266
S44bushes_01b 3536.000000 19.938292 3064.000000 0.789062
S44bushes_01b 3552.000000 30.366856 2904.000000 -155.191406
S44bushes_01b 3496.000000 31.546745 2872.000000 -114.326172
S44bushes_01b 3648.000000 15.030685 3016.000000 -20.564453
S44bushes_01b 3608.000000 21.318136 2968.000000 -162.363281
S44bushes_01b 3704.000000 31.772884 3040.000000 -154.257812
S44bushes_01b 3648.000000 15.030685 2896.000000 180.000000
S44bushes_01b 3592.000000 15.167955 2880.000000 180.000000
S44bushes_01b 136.000000 34.064461 3144.000000 -80.714844
S44bushes_01b 120.000000 30.944530 3128.000000 -65.681641
S44bushes_01b 296.000000 18.776653 3208.000000 -163.615234
S44bushes_01b 368.000000 29.796875 3208.000000 -160.179688
S44bushes_01b 656.000000 34.169159 3232.000000 56.777344
S44bushes_01b 752.000000 33.564537 3256.000000 54.621094
S44bushes_01b 528.000000 30.863306 3216.000000 -69.875000
S44bushes_01b 656.000000 28.720407 3248.000000 -143.414062
S44bushes_01b 952.000000 21.118181 3216.000000 81.929688
S44bushes_01b 992.000000 26.604227 3088.000000 -80.167969
S44bushes_01b 768.000000 35.799740 3256.000000 -52.738281
S44bushes_01b 1080.000000 19.305103 3176.000000 -122.185547
S44bushes_01b 1088.000000 23.324820 3120.000000 59.925781
S44bushes_01b 3632.000000 20.036682 3128.000000 -49.972656
S44bushes_01b 3680.000000 17.739590 3176.000000 -32.636719
S44bushes_01b 3800.000000 39.929749 3272.000000 -15.970703
S44bushes_01b 3776.000000 42.404579 3088.000000 148.687500
S44bushes_01b 4040.000000 20.268375 3288.000000 7.765625
S44bushes_01b 3984.000000 16.343084 3232.000000 150.562500
S44bushes_01b 3912.000000 36.828869 3192.000000 -150.412109
S44bushes_01b 3856.000000 35.898132 3144.000000 69.441406
S44bushes_01b 984.000000 21.591883 3400.000000 -26.712891
S44bushes_01b 960.000000 28.276859 3512.000000 143.984375
S44bushes_01b 3216.000000 30.310520 3480.000000 -77.693359
S44bushes_01b 3368.000000 27.044601 3488.000000 98.472656
S44bushes_01b 3584.000000 24.359503 3528.000000 174.246094
S44bushes_01b 3904.000000 18.368017 3384.000000 132.253906
S44bushes_01b 104.000000 32.060120 3704.000000 -117.494141
S44bushes_01b 496.000000 31.935545 3800.000000 -104.375000
S44bushes_01b 592.000000 31.168261 3832.000000 53.027344
S44bushes_01b 952.000000 24.872877 3584.000000 -26.027344
S44bushes_01b 1176.000000 7.999756 3736.000000 -107.154297
S44bushes_01b 2968.000000 15.030685 3728.000000 180.000000
S44bushes_01b 3824.000000 28.794996 3608.000000 -100.625000
S44bushes_01b 3688.000000 37.948456 3584.000000 126.167969
S44bushes_01b 4024.000000 30.543007 3632.000000 96.835938
S44bushes_01b 888.000000 28.948135 3904.000000 -58.861328
S44bushes_01b 976.000000 27.963440 3960.000000 -130.447266
S44bushes_01b 1016.000000 22.041779 3872.000000 57.753906
S44bushes_01b 1040.000000 29.170307 4008.000000 88.269531
S44bushes_01b 1120.000000 19.724056 4056.000000 156.289062
S44bushes_01b 1120.000000 25.329121 3936.000000 -147.570312
S44bushes_01b 1192.000000 24.508675 3984.000000 -32.191406
S44bushes_01b 1272.000000 20.935682 4016.000000 34.429688
S44bushes_01c 3328.000000 15.030685 1344.000000 180.000000
S44bushes_01c 3768.000000 15.030685 1592.000000 180.000000
S44bushes_01c 3832.000000 15.030685 1584.000000 180.000000
S44bushes_01c 3744.000000 15.030685 1896.000000 180.000000
S44bushes_01c 3704.000000 15.030685 2184.000000 180.000000
S44bushes_01c 4032.000000 15.030685 2216.000000 180.000000
S44bushes_01c 3744.000000 15.030685 2336.000000 180.000000
S44bushes_01c 3696.000000 15.030685 2496.000000 180.000000
S44bushes_01c 3896.000000 15.030685 2520.000000 180.000000
S44bushes_01c 3544.000000 15.030685 2648.000000 180.000000
S44bushes_02a 1336.000000 20.951551 232.000000 -143.994141
S44bushes_02a 1384.000000 40.896191 32.000000 4.375000
S44bushes_02a 1496.000000 17.638025 152.000000 -142.248047
S44bushes_02a 88.000000 46.572670 288.000000 -40.939453
S44bushes_02a 1224.000000 33.896210 448.000000 -112.027344
S44bushes_02a 1424.000000 19.389212 320.000000 163.433594
S44bushes_02a 1360.000000 29.033035 432.000000 45.800781
S44bushes_02a 568.000000 34.316746 512.000000 164.363281
S44bushes_02a 864.000000 24.467415 664.000000 -56.839844
S44bushes_02a 952.000000 28.492683 696.000000 167.519531
S44bushes_02a 776.000000 32.852005 592.000000 143.152344
S44bushes_02a 1080.000000 39.314812 744.000000 -129.203125
S44bushes_02a 1392.000000 20.902357 760.000000 -165.851562
S44bushes_02a 1144.000000 30.512062 784.000000 127.812500
S44bushes_02a 1072.000000 26.336828 1016.000000 -9.595703
S44bushes_02a 1352.000000 27.999146 896.000000 -99.574219
S44bushes_02a 1312.000000 29.691614 888.000000 148.281250
S44bushes_02a 200.000000 34.907883 1272.000000 26.421875
S44bushes_02a 1680.000000 30.785810 1064.000000 58.656250
S44bushes_02a 1912.000000 35.330006 1184.000000 13.644531
S44bushes_02a 376.000000 35.227650 1344.000000 1.046875
S44bushes_02a 640.000000 28.399849 1472.000000 -56.853516
S44bushes_02a 896.000000 28.891005 1440.000000 -51.744141
S44bushes_02a 920.000000 29.759062 1376.000000 -82.439453
S44bushes_02a 2136.000000 28.853712 1304.000000 -61.902344
S44bushes_02a 2272.000000 30.731058 1392.000000 -105.615234
S44bushes_02a 752.000000 31.325367 1696.000000 42.601562
S44bushes_02a 832.000000 33.354267 1536.000000 161.164062
S44bushes_02a 768.000000 29.241718 1608.000000 148.296875
S44bushes_02a 3744.000000 15.030685 1560.000000 -107.937500
S44bushes_02a 3616.000000 15.030685 1584.000000 103.457031
S44bushes_02a 680.000000 32.472725 1840.000000 -136.671875
S44bushes_02a 624.000000 39.296558 1936.000000 52.683594
S44bushes_02a 624.000000 28.627573 1976.000000 116.292969
S44bushes_02a 3872.000000 15.030685 1840.000000 145.574219
S44bushes_02a 456.000000 29.088577 2296.000000 116.375000
S44bushes_02a 488.000000 32.145813 2176.000000 179.054688
S44bushes_02a 576.000000 28.508553 2064.000000 147.628906
S44bushes_02a 3696.000000 15.030685 2128.000000 142.031250
S44bushes_02a 408.000000 31.082567 2368.000000 161.144531
S44bushes_02a 208.000000 31.508659 2752.000000 -8.908203
S44bushes_02a 2776.000000 28.393501 2616.000000 -78.644531
S44bushes_02a 2944.000000 21.333212 2776.000000 121.453125
S44bushes_02a 2968.000000 27.542109 2752.000000 -102.738281
S44bushes_02a 2904.000000 27.850767 2680.000000 177.144531
S44bushes_02a 2816.000000 25.356100 2648.000000 -18.505859
S44bushes_02a 3096.000000 23.376394 2672.000000 -175.417969
S44bushes_02a 3192.000000 41.877712 2672.000000 40.453125
S44bushes_02a 3576.000000 15.030685 2560.000000 -157.197266
S44bushes_02a 3864.000000 15.030685 2640.000000 -36.921875
S44bushes_02a 112.000000 28.408577 2928.000000 -52.187500
S44bushes_02a 160.000000 34.713169 2832.000000 134.554688
S44bushes_02a 2976.000000 19.169422 3008.000000 169.347656
S44bushes_02a 3464.000000 24.718943 2864.000000 150.679688
S44bushes_02a 3640.000000 22.634501 2952.000000 -20.724609
S44bushes_02a 3752.000000 30.746134 3048.000000 4.289062
S44bushes_02a 24.000000 41.889614 3080.000000 -43.054688
S44bushes_02a 168.000000 35.248722 3152.000000 -134.968750
S44bushes_02a 256.000000 20.556345 3136.000000 70.332031
S44bushes_02a 2952.000000 19.774044 3088.000000 -29.058594
S44bushes_02a 2824.000000 33.768459 3336.000000 -63.208984
S44bushes_02a 3040.000000 30.041534 3432.000000 89.230469
S44bushes_02a 2912.000000 29.713037 3392.000000 129.378906
S44bushes_02a 3320.000000 26.345556 3480.000000 91.347656
S44bushes_02a 3192.000000 29.888395 3472.000000 -56.291016
S44bushes_02a 3472.000000 33.167801 3512.000000 -83.722656
S44bushes_02a 3640.000000 19.677242 3536.000000 160.777344
S44bushes_02a 136.000000 31.749081 3720.000000 24.515625
S44bushes_02a 448.000000 32.931351 3784.000000 -26.025391
S44bushes_02a 360.000000 28.167362 3752.000000 -109.029297
S44bushes_02a 752.000000 20.694469 3824.000000 -88.847656
S44bushes_02a 696.000000 18.095858 3824.000000 -166.796875
S44bushes_02a 616.000000 31.200001 3832.000000 -121.001953
S44bushes_02a 832.000000 25.603662 3784.000000 -55.638672
S44bushes_02a 824.000000 19.188465 3592.000000 -163.392578
S44bushes_02a 840.000000 20.473091 3656.000000 -18.283203
S44bushes_02a 968.000000 33.051163 3832.000000 102.128906
S44bushes_02a 920.000000 15.189381 3776.000000 -132.353516
S44bushes_02a 936.000000 21.210224 3744.000000 3.328125
S44bushes_02a 2424.000000 27.012863 3792.000000 178.832031
S44bushes_02a 2624.000000 20.548470 3744.000000 -106.841797
S44bushes_02a 2640.000000 26.439184 3696.000000 -103.470703
S44bushes_02a 3952.000000 26.006744 3608.000000 -147.416016
S44bushes_02a 3856.000000 31.913328 3600.000000 -3.822266
S44bushes_02a 832.000000 36.516243 3840.000000 -74.363281
S44bushes_02a 888.000000 28.193546 3896.000000 -15.957031
S44bushes_02a 952.000000 28.803724 3944.000000 118.656250
S44bushes_02a 1016.000000 27.438162 3984.000000 -140.703125
S44bushes_02a 1032.000000 25.409262 3880.000000 88.824219
S44bushes_02a 2296.000000 20.842848 3976.000000 61.339844
S44bushes_02a 2360.000000 28.349861 3904.000000 -19.189453
S44bushes_02a 2424.000000 26.753399 4024.000000 -69.964844
S44bushes_02a 2456.000000 27.454824 3952.000000 76.019531
S44bushes_02a 2528.000000 24.175417 3856.000000 -92.316406
S44bushes_02b 1504.000000 32.969437 32.000000 86.906250
S44bushes_02b 2224.000000 43.524956 360.000000 12.671875
S44bushes_02b 2432.000000 36.892349 464.000000 -155.650391
S44bushes_02b 2632.000000 16.914383 528.000000 129.066406
S44bushes_02b 2760.000000 24.035769 608.000000 -5.876953
S44bushes_02b 2960.000000 30.655680 752.000000 78.062500
S44bushes_02b 2920.000000 26.816875 736.000000 80.839844
S44bushes_02b 1088.000000 28.445076 968.000000 15.191406
S44bushes_02b 1112.000000 28.755323 896.000000 102.960938
S44bushes_02b 3072.000000 24.048464 1008.000000 147.921875
S44bushes_02b 3128.000000 38.859356 984.000000 -63.107422
S44bushes_02b 3160.000000 37.051041 896.000000 16.757812
S44bushes_02b 3128.000000 37.927826 816.000000 -30.667969
S44bushes_02b 984.000000 23.128038 1200.000000 -102.406250
S44bushes_02b 1032.000000 30.225620 1032.000000 -108.460938
S44bushes_02b 3048.000000 33.973969 1136.000000 -144.634766
S44bushes_02b 3336.000000 38.187290 1096.000000 127.460938
S44bushes_02b 3536.000000 21.057083 1224.000000 -178.994141
S44bushes_02b 3056.000000 34.069977 1472.000000 -44.822266
S44bushes_02b 2984.000000 37.804836 1424.000000 -71.830078
S44bushes_02b 3136.000000 26.860516 1496.000000 86.593750
S44bushes_02b 3256.000000 15.030685 1368.000000 180.000000
S44bushes_02b 3392.000000 15.030685 1336.000000 180.000000
S44bushes_02b 3344.000000 15.030685 1528.000000 180.000000
S44bushes_02b 3784.000000 16.070923 1352.000000 -4.052734
S44bushes_02b 3960.000000 31.618160 1400.000000 -70.451172
S44bushes_02b 3304.000000 27.208057 1768.000000 -84.730469
S44bushes_02b 3200.000000 32.571114 1552.000000 -113.917969
S44bushes_02b 3368.000000 35.540276 1688.000000 171.554688
S44bushes_02b 992.000000 25.399740 2024.000000 -86.988281
S44bushes_02b 1040.000000 28.312565 1912.000000 156.203125
S44bushes_02b 1072.000000 29.405174 1856.000000 -115.468750
S44bushes_02b 1080.000000 22.958237 1824.000000 -118.226562
S44bushes_02b 3280.000000 33.027359 1888.000000 53.714844
S44bushes_02b 3192.000000 35.274464 2016.000000 -157.501953
S44bushes_02b 3272.000000 15.200489 2016.000000 22.023438
S44bushes_02b 3304.000000 11.352957 2040.000000 -10.730469
S44bushes_02b 3328.000000 13.198565 1984.000000 132.011719
S44bushes_02b 3376.000000 6.419959 1984.000000 -61.033203
S44bushes_02b 3408.000000 0.748241 2024.000000 110.601562
S44bushes_02b 3424.000000 8.947158 1984.000000 -74.244141
S44bushes_02b 928.000000 22.359961 2200.000000 58.792969
S44bushes_02b 968.000000 20.824598 2104.000000 42.261719
S44bushes_02b 968.000000 18.424353 2256.000000 104.011719
S44bushes_02b 3000.000000 20.233463 2256.000000 -117.445312
S44bushes_02b 3112.000000 27.297718 2088.000000 -52.865234
S44bushes_02b 3304.000000 5.999420 2112.000000 68.734375
S44bushes_02b 3400.000000 7.310231 2088.000000 19.632812
S44bushes_02b 3360.000000 2.497047 2088.000000 -143.880859
S44bushes_02b 3344.000000 3.592035 2120.000000 1.605469
S44bushes_02b 3424.000000 3.574579 2048.000000 -21.298828
S44bushes_02b 3056.000000 36.117924 2360.000000 68.683594
S44bushes_02b 3008.000000 25.464806 2336.000000 -173.748047
S44bushes_02b 3248.000000 39.902767 2464.000000 150.605469
S44bushes_02b 3112.000000 17.200029 2792.000000 -67.585938
S44bushes_02b 3240.000000 22.620218 2848.000000 10.753906
S44bushes_02b 3240.000000 21.910858 2864.000000 -149.445312
S44bushes_02b 3392.000000 28.837049 2936.000000 -167.955078
S44bushes_02b 3536.000000 29.708277 3040.000000 -158.410156
S44bushes_02b 3432.000000 29.674952 2976.000000 49.253906
S44bushes_02b 3344.000000 27.281055 2920.000000 -30.228516
S44bushes_02c 3608.000000 15.030685 1600.000000 180.000000
S44bushes_02c 3344.000000 5.036942 2016.000000 180.000000
S44bushes_02c 3616.000000 15.030685 1976.000000 180.000000
S44bushes_02c 3504.000000 15.030685 2536.000000 180.000000
S44bushes_02c 3568.000000 15.030685 2480.000000 180.000000
S44bushes_02c 3656.000000 15.030685 2800.000000 180.000000
S44bushes_02c 3640.000000 15.030685 2592.000000 180.000000
S44bushes_02c 3672.000000 15.030685 2912.000000 180.000000
S44tallgrass_01a 1472.000000 28.314152 952.000000 180.000000
S44tallgrass_01a 3136.000000 34.131866 952.000000 180.000000
S44tallgrass_01a 1680.000000 30.785810 1064.000000 180.000000
S44tallgrass_01a 1928.000000 27.483389 1208.000000 180.000000
S44tallgrass_01a 3056.000000 31.680050 1136.000000 180.000000
S44tallgrass_01a 2224.000000 30.390663 1360.000000 180.000000
S44tallgrass_01a 2072.000000 23.518425 1288.000000 180.000000
S44tallgrass_01a 2456.000000 24.131777 1520.000000 180.000000
S44tallgrass_01a 2320.000000 23.020126 1432.000000 180.000000
S44tallgrass_01a 3016.000000 17.654688 1288.000000 180.000000
S44tallgrass_01a 2784.000000 30.309113 1696.000000 180.000000
S44tallgrass_01a 2712.000000 31.664028 1648.000000 180.000000
S44tallgrass_01a 2664.000000 28.981461 1592.000000 180.000000
S44tallgrass_01a 2608.000000 30.158915 1576.000000 180.000000
S44tallgrass_01a 2880.000000 24.488855 1736.000000 180.000000
S44tallgrass_01b 3448.000000 15.030685 1592.000000 180.000000
S44tallgrass_01b 3632.000000 15.030685 1728.000000 180.000000
S44tallgrass_01b 3624.000000 15.030685 2000.000000 180.000000
S44tallgrass_01b 3600.000000 15.030685 1856.000000 180.000000
S44tallgrass_01b 3888.000000 15.030685 1840.000000 180.000000
S44tallgrass_01b 3416.000000 10.062776 2088.000000 180.000000
S44tallgrass_01b 3744.000000 15.030685 2152.000000 180.000000
S44tallgrass_01b 3488.000000 15.030685 2512.000000 180.000000
S44tallgrass_01b 3576.000000 15.030685 2512.000000 180.000000
S44tallgrass_01b 3816.000000 15.030685 2424.000000 180.000000
S44tallgrass_01b 3656.000000 15.030685 2800.000000 180.000000
S44tallgrass_01b 3728.000000 15.030685 2624.000000 180.000000
S44tallgrass_01b 3808.000000 15.030685 2648.000000 180.000000
S44tallgrass_01c 3536.000000 15.030685 2056.000000 180.000000
S44tallgrass_01c 3464.000000 15.030685 2120.000000 180.000000
S44tallgrass_01c 3552.000000 15.030685 2400.000000 180.000000
S44tallgrass_01c 3400.000000 15.030685 2496.000000 180.000000
S44tallgrass_01c 3600.000000 15.030685 2808.000000 180.000000
S44tallgrass_01d 3800.000000 15.030685 1456.000000 180.000000
S44tallgrass_01d 3832.000000 15.030685 1680.000000 180.000000
S44tallgrass_01d 3832.000000 15.030685 2296.000000 180.000000
S44tallgrass_01d 3488.000000 15.030685 2376.000000 180.000000
S44tallgrass_01d 3608.000000 15.030685 2472.000000 180.000000
S44tallgrass_01d 3792.000000 15.030685 2696.000000 180.000000
S44tallgrass_01d 3864.000000 15.030685 2744.000000 180.000000
S44tree_01a 1744.000000 34.932480 136.000000 42.980469
S44tree_01a 1632.000000 30.623148 72.000000 46.000000
S44tree_01a 1992.000000 22.053680 288.000000 175.335938
S44tree_01a 2632.000000 20.919813 616.000000 -122.355469
S44tree_01a 2872.000000 18.556070 736.000000 -19.595703
S44tree_01a 1424.000000 16.749340 872.000000 109.132812
S44tree_01a 3136.000000 36.067142 1000.000000 142.492188
S44tree_01a 1696.000000 27.634150 1080.000000 -11.455078
S44tree_01a 3072.000000 16.231998 1184.000000 90.980469
S44tree_01a 3248.000000 30.946089 1064.000000 114.082031
S44tree_01a 3496.000000 35.679928 1168.000000 89.828125
S44tree_01a 288.000000 37.163715 1296.000000 -54.351562
S44tree_01a 456.000000 36.232975 1376.000000 176.246094
S44tree_01a 584.000000 27.269154 1448.000000 -167.908203
S44tree_01a 2168.000000 28.395088 1304.000000 -3.056641
S44tree_01a 2504.000000 21.802153 1472.000000 23.644531
S44tree_01a 3128.000000 33.266987 1512.000000 13.757812
S44tree_01a 3704.000000 35.261768 1280.000000 57.070312
S44tree_01a 3736.000000 37.808010 1296.000000 -142.927734
S44tree_01a 4048.000000 33.313801 1384.000000 -91.978516
S44tree_01a 2688.000000 32.249481 1632.000000 73.304688
S44tree_01a 2808.000000 27.715191 1720.000000 -21.218750
S44tree_01a 3328.000000 35.202259 1624.000000 -100.078125
S44tree_01a 3608.000000 15.030685 1560.000000 -74.785156
S44tree_01a 3272.000000 33.335224 1904.000000 -15.402344
S44tree_01a 3912.000000 15.030685 1920.000000 -22.230469
S44tree_01a 984.000000 16.549385 2280.000000 179.226562
S44tree_01a 1096.000000 25.964691 2296.000000 95.742188
S44tree_01a 3792.000000 15.030685 2272.000000 43.843750
S44tree_01a 1080.000000 23.025475 2432.000000 18.132812
S44tree_01a 3008.000000 28.007874 2320.000000 172.617188
S44tree_01a 3312.000000 24.280949 2520.000000 -152.115234
S44tree_01a 3952.000000 15.030685 2464.000000 4.863281
S44tree_01a 256.000000 36.174259 2600.000000 64.113281
S44tree_01a 1120.000000 22.467873 2664.000000 46.441406
S44tree_01a 1144.000000 16.077271 2712.000000 -64.853516
S44tree_01a 2952.000000 26.404272 2672.000000 35.933594
S44tree_01a 3224.000000 25.076006 2616.000000 149.406250
S44tree_01a 1208.000000 21.614893 2832.000000 123.164062
S44tree_01a 3024.000000 18.675884 2968.000000 -37.410156
S44tree_01a 240.000000 32.214142 3152.000000 -104.558594
S44tree_01a 192.000000 31.757418 3144.000000 148.515625
S44tree_01a 424.000000 31.721342 3200.000000 4.578125
S44tree_01a 2912.000000 24.080202 3192.000000 155.675781
S44tree_01a 2952.000000 20.596872 3096.000000 -110.005859
S44tree_01a 2936.000000 19.137682 3168.000000 -99.027344
S44tree_01a 2880.000000 17.695154 3288.000000 62.917969
S44tree_01a 3736.000000 24.693552 3224.000000 -178.041016
S44tree_01a 3800.000000 39.383049 3120.000000 45.277344
S44tree_01a 3904.000000 41.133442 3192.000000 49.597656
S44tree_01a 2728.000000 28.865614 3568.000000 153.199219
S44tree_01a 2776.000000 26.862103 3480.000000 -174.490234
S44tree_01a 2688.000000 33.242390 3344.000000 -75.921875
S44tree_01a 2920.000000 30.249424 3392.000000 -59.472656
S44tree_01a 3552.000000 31.077013 3544.000000 -135.156250
S44tree_01a 3408.000000 29.580530 3496.000000 11.035156
S44tree_01a 3832.000000 17.328573 3336.000000 -156.523438
S44tree_01a 3968.000000 35.602959 3424.000000 67.445312
S44tree_01a 168.000000 23.903257 3704.000000 27.722656
S44tree_01a 2544.000000 18.068087 3800.000000 77.914062
S44tree_01a 3736.000000 36.655098 3584.000000 155.722656
S44tree_01b 2968.000000 33.139236 1320.000000 180.000000
S44tree_01b 3424.000000 15.030685 1464.000000 180.000000
S44tree_01b 3416.000000 15.030685 1864.000000 180.000000
S44tree_01b 3864.000000 15.030685 1896.000000 180.000000
S44tree_01b 3896.000000 15.030685 2312.000000 180.000000
S44tree_01b 3968.000000 15.030685 2464.000000 180.000000
S44tree_01c 3544.000000 15.030685 2056.000000 180.000000
S44tree_01c 3752.000000 15.030685 2128.000000 180.000000
S44tree_01c 3368.000000 15.030685 2384.000000 180.000000
S44tree_01c 3936.000000 15.030685 2448.000000 180.000000
S44tree_01c 3776.000000 15.030685 2592.000000 180.000000
S44tree_01c 3896.000000 15.030685 2624.000000 180.000000
S44tree_02a 136.000000 41.550014 304.000000 46.394531
S44tree_02a 432.000000 33.023392 456.000000 120.707031
S44tree_02a 280.000000 33.338398 368.000000 -37.087891
S44tree_02a 2040.000000 34.517494 272.000000 133.960938
S44tree_02a 2400.000000 37.950043 456.000000 -65.777344
S44tree_02a 624.000000 32.975784 544.000000 -85.386719
S44tree_02a 1464.000000 27.940430 952.000000 -58.835938
S44tree_02a 1592.000000 33.244770 1016.000000 104.269531
S44tree_02a 3160.000000 41.279438 832.000000 -90.511719
S44tree_02a 1792.000000 35.506950 1112.000000 -77.101562
S44tree_02a 3080.000000 32.332279 1080.000000 99.101562
S44tree_02a 3368.000000 35.634697 1120.000000 -143.007812
S44tree_02a 3624.000000 34.225494 1240.000000 22.531250
S44tree_02a 424.000000 33.995392 1368.000000 3.808594
S44tree_02a 2296.000000 29.513878 1408.000000 -47.972656
S44tree_02a 3256.000000 15.030685 1304.000000 180.000000
S44tree_02a 3368.000000 15.030685 1368.000000 180.000000
S44tree_02a 3768.000000 34.388157 1312.000000 17.179688
S44tree_02a 3688.000000 15.030685 1488.000000 180.000000
S44tree_02a 4000.000000 28.661692 1408.000000 54.898438
S44tree_02a 2560.000000 31.170071 1560.000000 -158.421875
S44tree_02a 3328.000000 32.034729 1656.000000 -41.089844
S44tree_02a 3488.000000 15.030685 1752.000000 180.000000
S44tree_02a 3248.000000 23.069321 1848.000000 -178.685547
S44tree_02a 3824.000000 15.030685 2024.000000 180.000000
S44tree_02a 3040.000000 35.468071 2272.000000 118.984375
S44tree_02a 3576.000000 15.030685 2168.000000 180.000000
S44tree_02a 3536.000000 15.030685 2312.000000 180.000000
S44tree_02a 3448.000000 15.030685 2544.000000 180.000000
S44tree_02a 3320.000000 37.865139 2760.000000 -153.716797
S44tree_02a 3264.000000 35.203053 2720.000000 67.074219
S44tree_02a 3760.000000 15.030685 2664.000000 180.000000
S44tree_02a 3304.000000 27.052536 2896.000000 68.906250
S44tree_02a 3408.000000 28.514900 2824.000000 -163.085938
S44tree_02a 184.000000 32.693310 3168.000000 -132.320312
S44tree_02a 472.000000 27.361023 3240.000000 -145.279297
S44tree_02a 560.000000 32.036316 3240.000000 173.144531
S44tree_02a 3928.000000 30.187534 3240.000000 -114.376953
S44tree_02a 2600.000000 26.693094 3496.000000 -154.826172
S44tree_02a 2992.000000 30.133575 3408.000000 -43.726562
S44tree_02a 3120.000000 30.120087 3456.000000 69.535156
S44tree_02a 3272.000000 26.616922 3480.000000 36.589844
S44tree_02a 48.000000 33.004349 3696.000000 -142.291016
S44tree_02a 600.000000 32.022827 3824.000000 -76.742188
S44tree_02a 1056.000000 22.723370 3904.000000 -12.990234
S44tree_02a 2400.000000 25.785366 3840.000000 49.902344
S44tree_02a 2376.000000 25.514793 3872.000000 -78.968750
S44tree_02b 3480.000000 15.030685 1520.000000 53.980469
S44tree_02b 3416.000000 15.030685 1512.000000 -124.375000
S44tree_02b 3272.000000 15.030685 2272.000000 -18.574219
S44tree_02b 3224.000000 15.171129 2248.000000 52.671875
S44tree_02b 3632.000000 15.030685 2048.000000 142.875000
S44tree_02b 3816.000000 15.030685 2408.000000 153.613281
S44tree_02b 3600.000000 15.030685 2672.000000 49.753906
S44tree_02c 1376.000000 38.072235 80.000000 110.335938
S44tree_02c 1224.000000 30.122467 496.000000 117.445312
S44tree_02c 1272.000000 29.143326 376.000000 174.402344
S44tree_02c 2048.000000 31.226185 296.000000 23.273438
S44tree_02c 1144.000000 38.844280 728.000000 -93.912109
S44tree_02c 1456.000000 24.591196 752.000000 136.339844
S44tree_02c 1328.000000 23.739803 584.000000 -76.205078
S44tree_02c 1296.000000 27.460379 656.000000 -11.658203
S44tree_02c 2744.000000 26.107517 656.000000 113.480469
S44tree_02c 32.000000 37.996063 1184.000000 62.625000
S44tree_02c 1944.000000 36.306767 1200.000000 157.722656
S44tree_02c 2048.000000 33.891449 1248.000000 134.953125
S44tree_02c 3016.000000 30.531898 1224.000000 -116.378906
S44tree_02c 3440.000000 36.322636 1136.000000 -103.988281
S44tree_02c 3352.000000 37.884979 1104.000000 45.898438
S44tree_02c 448.000000 31.985533 1384.000000 82.457031
S44tree_02c 3272.000000 15.030685 1296.000000 -22.244141
S44tree_02c 3128.000000 15.030685 1344.000000 -174.119141
S44tree_02c 3400.000000 15.030685 1312.000000 -92.691406
S44tree_02c 4040.000000 32.048218 1392.000000 -121.730469
S44tree_02c 3848.000000 16.537483 1384.000000 91.128906
S44tree_02c 768.000000 32.427498 1624.000000 -38.720703
S44tree_02c 2728.000000 30.681774 1664.000000 115.238281
S44tree_02c 3376.000000 32.001404 1672.000000 69.375000
S44tree_02c 3808.000000 15.030685 1592.000000 75.636719
S44tree_02c 3304.000000 29.010818 1856.000000 178.242188
S44tree_02c 3624.000000 15.030685 1800.000000 22.636719
S44tree_02c 4016.000000 15.030685 1800.000000 43.562500
S44tree_02c 3176.000000 30.677896 2064.000000 -142.982422
S44tree_02c 3368.000000 1.933684 2064.000000 -40.689453
S44tree_02c 3480.000000 15.030685 2552.000000 -129.263672
S44tree_02c 3928.000000 15.030685 2368.000000 -112.703125
S44tree_02c 3800.000000 15.030685 2808.000000 -25.626953
S44tree_02c 336.000000 32.990204 3192.000000 -86.945312
S44tree_02c 896.000000 34.288975 3320.000000 -136.185547
S44tree_02c 968.000000 20.600840 3432.000000 -41.951172
S44tree_02c 432.000000 30.826277 3792.000000 136.507812
S44tree_02c 936.000000 19.847042 3688.000000 -49.357422
S44tree_02c 952.000000 23.279591 3776.000000 -139.080078
S44tree_02c 2680.000000 26.867657 3600.000000 139.660156
S44tree_02c 2960.000000 15.030685 3800.000000 180.000000
S44tree_02c 984.000000 21.515709 3856.000000 119.156250
S44tree_sprucea 1472.000000 38.879192 120.000000 133.046875
S44tree_sprucea 1344.000000 35.910828 152.000000 -47.949219
S44tree_sprucea 1376.000000 30.089142 376.000000 26.015625
S44tree_sprucea 2224.000000 44.346195 368.000000 -129.402344
S44tree_sprucea 2776.000000 35.234791 648.000000 -9.328125
S44tree_sprucea 2968.000000 36.778088 744.000000 95.390625
S44tree_sprucea 1008.000000 28.833876 1104.000000 69.074219
S44tree_sprucea 3640.000000 30.314487 1256.000000 -153.398438
S44tree_sprucea 672.000000 32.032349 1480.000000 87.156250
S44tree_sprucea 3448.000000 15.030685 1480.000000 -18.886719
S44tree_sprucea 3904.000000 22.436928 1392.000000 141.875000
S44tree_sprucea 3408.000000 15.812254 1648.000000 45.058594
S44tree_sprucea 3624.000000 15.030685 1608.000000 -154.337891
S44tree_sprucea 704.000000 31.742733 1800.000000 -133.818359
S44tree_sprucea 3312.000000 24.425360 1856.000000 99.382812
S44tree_sprucea 3856.000000 15.030685 1816.000000 91.773438
S44tree_sprucea 3104.000000 34.984055 2160.000000 161.960938
S44tree_sprucea 3312.000000 14.448279 2184.000000 -111.576172
S44tree_sprucea 3184.000000 14.996567 2232.000000 -0.718750
S44tree_sprucea 360.000000 29.533714 2472.000000 107.632812
S44tree_sprucea 3200.000000 32.423531 2456.000000 118.828125
S44tree_sprucea 320.000000 21.058670 2576.000000 -14.638672
S44tree_sprucea 1248.000000 19.927977 2728.000000 -19.699219
S44tree_sprucea 3760.000000 15.030685 2616.000000 32.218750
S44tree_sprucea 3816.000000 15.030685 2768.000000 -19.417969
S44tree_sprucea 64.000000 35.217331 3024.000000 40.789062
S44tree_sprucea 1184.000000 25.744106 2864.000000 -84.724609
S44tree_sprucea 3480.000000 19.865294 3032.000000 -51.382812
S44tree_sprucea 3632.000000 16.884230 2984.000000 1.933594
S44tree_sprucea 608.000000 31.411858 3240.000000 79.175781
S44tree_sprucea 2800.000000 28.698191 3168.000000 65.011719
S44tree_sprucea 3832.000000 26.004364 3112.000000 145.867188
S44tree_sprucea 840.000000 20.056519 3488.000000 172.316406
S44tree_sprucea 992.000000 22.454384 3424.000000 160.894531
S44tree_sprucea 2568.000000 27.766661 3560.000000 -68.396484
S44tree_sprucea 2656.000000 36.213139 3416.000000 136.523438
S44tree_sprucea 3584.000000 22.693216 3568.000000 -140.716797
S44tree_sprucea 3952.000000 20.757946 3440.000000 -121.550781
S44tree_sprucea 800.000000 46.571083 3832.000000 71.863281
S44tree_sprucea 2680.000000 30.569984 3616.000000 28.355469
S44tree_sprucea 3912.000000 26.006744 3632.000000 35.902344
S44tree_sprucea 808.000000 36.812206 3872.000000 -54.357422
S44tree_sprucea 1232.000000 29.004471 4008.000000 -179.441406
S44tree_sprucea 2352.000000 30.638224 3936.000000 -113.611328
S44tree_spruceb 2072.000000 27.477835 312.000000 -77.341797
S44tree_spruceb 2448.000000 37.287498 496.000000 125.960938
S44tree_spruceb 1464.000000 23.461296 976.000000 15.035156
S44tree_spruceb 3048.000000 23.039169 800.000000 -151.208984
S44tree_spruceb 3160.000000 25.668728 952.000000 152.902344
S44tree_spruceb 3096.000000 28.053101 1072.000000 38.875000
S44tree_spruceb 3256.000000 36.456730 1048.000000 -163.060547
S44tree_spruceb 3544.000000 34.965805 1184.000000 114.230469
S44tree_spruceb 2048.000000 17.194475 1304.000000 -14.457031
S44tree_spruceb 2232.000000 26.244785 1384.000000 -170.558594
S44tree_spruceb 2456.000000 30.442238 1504.000000 -82.185547
S44tree_spruceb 3720.000000 36.442448 1288.000000 35.949219
S44tree_spruceb 2592.000000 27.932743 1592.000000 69.636719
S44tree_spruceb 3328.000000 35.834652 1784.000000 157.191406
S44tree_spruceb 3392.000000 15.030685 1576.000000 180.000000
S44tree_spruceb 3720.000000 15.030685 1760.000000 180.000000
S44tree_spruceb 1568.000000 32.118042 1872.000000 126.867188
S44tree_spruceb 1808.000000 30.979418 2016.000000 104.765625
S44tree_spruceb 3640.000000 15.030685 2032.000000 180.000000
S44tree_spruceb 3944.000000 15.030685 2280.000000 180.000000
S44tree_spruceb 3184.000000 33.949371 2416.000000 81.535156
S44tree_spruceb 3120.000000 24.296818 2360.000000 -7.810547
S44tree_spruceb 3104.000000 25.976593 2664.000000 59.367188
S44tree_spruceb 3576.000000 15.030685 2616.000000 180.000000
S44tree_spruceb 3976.000000 15.030685 2752.000000 180.000000
S44tree_spruceb 1000.000000 23.389090 3024.000000 -125.867188
S44tree_spruceb 1208.000000 16.328802 2872.000000 117.183594
S44tree_spruceb 1136.000000 28.380013 2992.000000 -9.886719
S44tree_spruceb 1064.000000 24.637217 2896.000000 -156.162109
S44tree_spruceb 2968.000000 18.010162 3048.000000 97.140625
S44tree_spruceb 3576.000000 27.154896 3064.000000 -156.158203
S44tree_spruceb 3688.000000 20.673046 3040.000000 -69.630859
S44tree_spruceb 792.000000 23.903257 3288.000000 -92.773438
S44tree_spruceb 2736.000000 33.145584 3248.000000 -32.517578
S44tree_spruceb 2776.000000 29.078262 3176.000000 -170.666016
S44tree_spruceb 2816.000000 26.813702 3080.000000 46.703125
S44tree_spruceb 3856.000000 34.229465 3312.000000 64.113281
S44tree_spruceb 880.000000 27.116806 3416.000000 86.027344
S44tree_spruceb 2760.000000 30.844526 3480.000000 -108.072266
S44tree_spruceb 2800.000000 36.518623 3384.000000 71.460938
S44tree_spruceb 2696.000000 34.878525 3328.000000 128.511719
S44tree_spruceb 2496.000000 30.037567 3680.000000 -89.105469
S44tree_sprucec 1704.000000 28.530769 104.000000 72.609375
S44tree_sprucec 840.000000 33.447105 616.000000 96.937500
S44tree_sprucec 1128.000000 22.457558 888.000000 149.582031
S44tree_sprucec 3184.000000 34.726971 1008.000000 163.246094
S44tree_sprucec 3200.000000 25.462425 840.000000 -1.105469
S44tree_sprucec 3168.000000 39.389397 880.000000 47.191406
S44tree_sprucec 1112.000000 23.002670 1184.000000 1.941406
S44tree_sprucec 3112.000000 24.835585 1056.000000 -108.566406
S44tree_sprucec 472.000000 36.209965 1384.000000 -175.044922
S44tree_sprucec 2992.000000 24.542002 1328.000000 -112.000000
S44tree_sprucec 3400.000000 15.030685 1448.000000 -73.373047
S44tree_sprucec 816.000000 32.606030 1568.000000 63.816406
S44tree_sprucec 3336.000000 32.648876 1624.000000 -20.226562
S44tree_sprucec 3688.000000 15.030685 1784.000000 -155.542969
S44tree_sprucec 3576.000000 15.030685 2056.000000 -93.337891
S44tree_sprucec 3472.000000 15.030685 2256.000000 -14.763672
S44tree_sprucec 3848.000000 15.030685 2464.000000 -143.417969
S44tree_spruced 224.000000 30.658854 368.000000 69.941406
S44tree_spruced 176.000000 37.752468 328.000000 52.605469
S44tree_spruced 408.000000 33.746243 432.000000 -58.177734
S44tree_spruced 808.000000 31.535637 624.000000 -28.822266
S44tree_spruced 1328.000000 27.870604 512.000000 -51.525391
S44tree_spruced 1336.000000 25.471947 544.000000 122.195312
S44tree_spruced 1000.000000 27.402456 1120.000000 33.765625
S44tree_spruced 1784.000000 34.609535 1112.000000 61.550781
S44tree_spruced 1816.000000 31.664974 1136.000000 -157.369141
S44tree_spruced 2040.000000 30.436684 1256.000000 -40.656250
S44tree_spruced 3552.000000 28.433174 1216.000000 -21.535156
S44tree_spruced 312.000000 36.432133 1320.000000 -48.851562
S44tree_spruced 656.000000 32.721081 1472.000000 62.242188
S44tree_spruced 2376.000000 33.337605 1440.000000 -73.798828
S44tree_spruced 3008.000000 21.230061 1280.000000 -69.126953
S44tree_spruced 3344.000000 28.305424 1784.000000 147.507812
S44tree_spruced 3520.000000 15.030685 1608.000000 -112.375000
S44tree_spruced 3408.000000 15.421866 1744.000000 47.960938
S44tree_spruced 3744.000000 15.030685 1752.000000 33.406250
S44tree_spruced 3232.000000 28.027710 1992.000000 88.273438
S44tree_spruced 3864.000000 15.030685 1928.000000 -142.867188
S44tree_spruced 424.000000 27.257252 2264.000000 92.031250
S44tree_spruced 3712.000000 15.030685 2104.000000 -107.294922
S44tree_spruced 3912.000000 15.030685 2256.000000 156.015625
S44tree_spruced 3432.000000 15.030685 2416.000000 107.699219
S44tree_spruced 264.000000 35.725948 2608.000000 157.832031
S44tree_spruced 256.000000 28.459358 2656.000000 41.738281
S44tree_spruced 3576.000000 15.030685 2576.000000 139.324219
S44tree_spruced 3696.000000 15.030685 2656.000000 179.144531
S44tree_spruced 3872.000000 15.030685 2768.000000 54.742188
S44tree_spruced 136.000000 28.057772 2888.000000 165.300781
S44tree_spruced 152.000000 27.959999 2864.000000 -3.441406
S44tree_spruced 120.000000 35.337414 2856.000000 -49.685547
S44tree_spruced 504.000000 25.489403 3248.000000 -9.324219
S44tree_spruced 2744.000000 31.324574 3272.000000 -45.562500
S44tree_spruced 904.000000 22.533730 3328.000000 -96.193359
S44tree_spruced 848.000000 16.564461 3816.000000 -39.607422
S44tree_spruced 2976.000000 15.030685 3672.000000 180.000000
S44tree_spruced 688.000000 22.359961 3872.000000 -40.728516
S44tree_spruced 656.000000 31.949827 3848.000000 119.261719
smothtree1 2200.000000 36.303593 336.000000 -25.496094
smothtree1 2720.000000 33.589928 608.000000 -79.460938
smothtree1 960.000000 26.817669 1272.000000 5.070312
smothtree1 1112.000000 15.882078 1248.000000 -117.519531
smothtree1 1832.000000 33.514549 1120.000000 -146.179688
smothtree1 3568.000000 32.019653 1216.000000 -114.660156
smothtree1 1088.000000 22.759869 1496.000000 -58.562500
smothtree1 2504.000000 31.112719 1496.000000 -77.679688
smothtree1 3184.000000 15.030685 1352.000000 78.859375
smothtree1 776.000000 30.293858 1656.000000 -145.828125
smothtree1 3712.000000 15.030685 1856.000000 -178.164062
smothtree1 3160.000000 31.150805 2088.000000 -45.015625
smothtree1 1120.000000 24.417425 2512.000000 -178.156250
smothtree1 1184.000000 19.308277 2400.000000 -28.142578
smothtree1 3240.000000 36.580513 2480.000000 16.949219
smothtree1 3816.000000 15.030685 2440.000000 -156.685547
smothtree1 1224.000000 18.475136 2808.000000 -10.677734
smothtree1 3984.000000 15.030685 2712.000000 -50.679688
smothtree1 3392.000000 27.504019 2952.000000 102.828125
smothtree1 984.000000 26.281284 3144.000000 145.472656
smothtree1 904.000000 22.839216 3280.000000 -87.070312
smothtree1 1160.000000 23.625544 3944.000000 -148.003906
smothtree1 2448.000000 28.323673 3976.000000 -142.302734
smothtree2 880.000000 26.954147 616.000000 -85.654297
smothtree2 304.000000 34.998337 1296.000000 97.093750
smothtree2 3280.000000 15.030685 1320.000000 54.195312
smothtree2 832.000000 30.634256 1552.000000 -69.998047
smothtree2 1240.000000 30.150238 1544.000000 -81.152344
smothtree2 1280.000000 25.781399 1600.000000 133.230469
smothtree2 1512.000000 35.437122 1824.000000 47.570312
smothtree2 3776.000000 15.030685 1856.000000 -134.625000
smothtree2 1944.000000 31.047655 2088.000000 -34.279297
smothtree2 3632.000000 15.030685 2256.000000 -31.880859
smothtree2 2152.000000 9.141747 2304.000000 -158.671875
smothtree2 2480.000000 39.577446 2432.000000 2.457031
smothtree2 3624.000000 15.030685 2496.000000 -94.888672
smothtree2 3216.000000 19.159901 2864.000000 105.746094
smothtree2 3152.000000 30.089935 2824.000000 -49.703125
smothtree2 3536.000000 23.660456 2920.000000 -129.349609
smothtree2 3456.000000 29.507530 2848.000000 -155.607422
smothtree2 3920.000000 15.030685 2872.000000 103.515625
smothtree2 2728.000000 34.555580 3544.000000 -12.888672
smothtree2 2840.000000 41.355614 3368.000000 106.421875
smothtree2 3512.000000 29.555933 3520.000000 -129.548828
smothtree2 2520.000000 27.139027 3624.000000 56.453125
smothtree2 2928.000000 15.030685 3640.000000 180.000000
smothtree3 1280.000000 31.665768 336.000000 -11.351562
smothtree3 2136.000000 25.688564 288.000000 -178.806641
smothtree3 2352.000000 32.566353 416.000000 -100.650391
smothtree3 1128.000000 25.859953 1112.000000 74.128906
smothtree3 3080.000000 29.613855 1096.000000 -129.541016
smothtree3 3392.000000 33.480431 1136.000000 65.425781
smothtree3 992.000000 25.797268 1368.000000 28.875000
smothtree3 3736.000000 39.234669 1288.000000 -44.240234
smothtree3 3656.000000 15.030685 1472.000000 -20.681641
smothtree3 3872.000000 30.815962 1328.000000 -16.044922
smothtree3 2832.000000 27.311737 1736.000000 -125.314453
smothtree3 3208.000000 33.370136 1568.000000 -162.066406
smothtree3 4000.000000 15.030685 1856.000000 -118.607422
smothtree3 3048.000000 36.109196 2256.000000 103.894531
smothtree3 3448.000000 15.030685 2552.000000 -114.363281
smothtree3 3664.000000 15.030685 2384.000000 -72.898438
smothtree3 3256.000000 36.672558 2616.000000 142.828125
smothtree3 3792.000000 15.030685 2944.000000 104.585938
